2800
4200
5600
7000
8400
9800
11200
12600
14000
15400
16800
18200
19600
21000
1400
2800
4200
5600
7000
8400
1400
1400
1400
2800
4200
1400
1400
1400
1400
1400
2800
4200
4666
5086
5471
5829
6165
6482
6784
7072
7349
7615
7872
8120
8361
8595
8823
9045
9261
9472
9678
9880
4940
6340
6649
6943
7225
1400
1400
1400
1400
2800
4200
4666
5086
5471
5829
6165
6482
6784
7072
7349
7615
7872
8120
8361
8595
8823
9045
9261
9472
9678
9880
10078
10272
10462
10649
10833
11013
11190
11365
11537
11706
11873
12038
12200
12360
12518
12674
12828
12980
13131
13280
13427
13572
13716
1400
1400
2800
4200
4666
5086
5471
5829
6165
6482
6784
7072
7349
7615
7872
8120
8361
8595
8823
9045
9261
9472
1400
1400
1400
1400
1400
1400
1400
1400
2800
4200
1400
1400
2800
4200
4666
5086
5471
5829
6165
6482
6784
7072
7349
7615
7872
8120
8361
8595
8823
9045
9261
9472
9678
9880
10078
10272
10462
10649
10833
11013
11190
11365
11537
11706
11873
12038
12200
12360
12518
12674
12828
12980
13131
13280
13427
13572
13716
13858
13999
14139
14277
14414
14549
14683
14816
14948
15079
15208
15336
15463
15589
15714
15838
15961
16083
16204
16324
16444
16563
16681
16798
16914
17029
1400
1400
1400
1400
2800
1400
2800
4200
1400
1400
1400
1400
1400
1400
1400
1400
2800
4200
4666
5086
5471
1400
2800
1400
1400
1400
1400
1400
2800
4200
4666
5086
5471
5829
6165
6482
6784
7072
7349
7615
7872
8120
4060
5460
5818
6154
6472
6774
7063
7340
7607
7864
8113
8354
8588
8816
9038
9254
9465
9672
9874
1400
1400
1400
1400
1400
1400
1400
1400
1400
1400
1400
1400
1400
1400
1400
1400
1400
2800
4200
4666
5086
5471
5829
6165
6482
6784
7072
7349
7615
7872
8120
1400
1400
1400
1400
2800
4200
4666
5086
5471
5829
6165
6482
6784
7072
1400
1400
2800
4200
4666
5086
5471
5829
6165
6482
6784
7072
7349
7615
7872
8120
8361
8595
8823
9045
9261
9472
9678
9880
10078
10272
10462
10649
10833
11013
11190
11365
11537
11706
11873
12038
12200
12360
12518
12674
12828
12980
13131
13280
13427
1400
1400
1400
1400
1400
2800
1400
1400
1400
1400
1400
1400
2800
1400
1400
1400
1400
1400
1400
1400
1400
1400
2800
4200
4666
5086
5471
5829
6165
6482
1400
1400
2800
4200
4666
1400
1400
1400
2800
4200
4666
5086
5471
5829
6165
6482
6784
7072
7349
7615
7872
8120
8361
8595
8823
9045
9261
9472
9678
9880
10078
10272
1400
1400
2800
4200
4666
5086
5471
5829
2914
4314
4768
5179
5557
5909
1400
2800
1400
2800
4200
4666
5086
5471
5829
6165
6482
6784
7072
7349
7615
7872
8120
8361
8595
8823
9045
9261
9472
9678
9880
10078
10272
10462
10649
10833
11013
11190
5595
6995
7275
7544
7803
8054
8297
8533
8762
8985
9203
9415
9623
9826
10025
10220
10411
5205
6605
6901
7185
7457
7719
7972
8217
8455
8686
8911
9130
9344
9553
9758
1400
1400
1400
1400
2800
4200
1400
2800
4200
4666
5086
5471
5829
6165
1400
1400
1400
1400
2800
1400
1400
2800
1400
1400
1400
2800
1400
1400
2800
4200
4666
5086
5471
5829
6165
6482
6784
7072
7349
1400
2800
4200
4666
5086
5471
5829
6165
6482
6784
7072
7349
7615
7872
8120
8361
8595
8823
9045
9261
9472
9678
9880
10078
10272
10462
10649
10833
11013
11190
11365
11537
11706
11873
12038
1400
1400
1400
1400
1400
1400
1400
2800
4200
4666
5086
5471
5829
6165
6482
6784
7072
7349
1400
2800
1400
1400
2800
1400
1400
1400
1400
1400
1400
1400
1400
1400
1400
1400
2800
1400
1400
1400
1400
2800
4200
4666
5086
5471
5829
6165
6482
6784
7072
7349
1400
1400
2800
4200
1400
1400
2800
4200
4666
5086
5471
1400
1400
1400
1400
1400
1400
1400
1400
2800
4200
4666
5086
5471
5829
6165
1400
1400
1400
1400
1400
1400
1400
1400
1400
1400
1400
1400
1400
2800
4200
4666
5086
5471
5829
6165
6482
6784
7072
7349
7615
7872
8120
8361
8595
8823
9045
9261
9472
9678
9880
10078
10272
10462
10649
10833
11013
11190
11365
11537
11706
11873
12038
1400
1400
1400
2800
1400
2800
4200
4666
5086
5471
5829
6165
6482
6784
7072
7349
7615
7872
8120
8361
1400
2800
1400
1400
2800
4200
4666
5086
1400
1400
1400
1400
1400
2800
4200
4666
1400
1400
2800
4200
4666
5086
5471
5829
6165
6482
6784
7072
7349
7615
7872
8120
8361
8595
8823
9045
9261
9472
1400
1400
1400
2800
4200
4666
5086
5471
5829
6165
6482
6784
7072
7349
7615
7872
8120
8361
8595
8823
9045
9261
9472
9678
9880
10078
10272
10462
10649
1400
2800
4200
5600
5950
6279
6591
6888
7172
7445
7708
7962
8208
8446
8678
8903
9123
9337
9546
9751
9952
10148
10341
10530
10716
10898
11077
11253
11427
1400
1400
1400
1400
1400
1400
1400
1400
2800
1400
1400
1400
2800
4200
4666
5086
5471
5829
6165
6482
1400
1400
2800
1400
1400
1400
1400
2800
4200
4666
1400
1400
2800
4200
4666
5086
5471
5829
6165
6482
6784
7072
7349
7615
7872
8120
8361
8595
8823
9045
9261
9472
9678
9880
10078
10272
10462
10649
10833
11013
11190
11365
11537
11706
11873
12038
12200
12360
6180
7580
7838
8088
8330
8565
8793
9015
9232
9444
9651
1400
1400
1400
2800
1400
1400
1400
1400
1400
2800
4200
4666
5086
5471
5829
6165
6482
1400
1400
2800
4200
4666
5086
5471
5829
1400
1400
1400
1400
1400
1400
1400
1400
1400
2800
4200
4666
5086
5471
5829
6165
6482
6784
7072
7349
7615
7872
8120
8361
8595
8823
9045
9261
9472
9678
9880
10078
10272
10462
10649
10833
11013
11190
11365
11537
11706
11873
12038
12200
12360
12518
12674
12828
12980
13131
13280
13427
13572
13716
13858
13999
14139
14277
14414
14549
1400
1400
2800
4200
1400
1400
2800
1400
1400
1400
1400
1400
2800
1400
1400
1400
2800
1400
1400
1400
1400
1400
1400
1400
1400
1400
1400
1400
1400
2800
1400
2800
4200
4666
5086
5471
5829
2914
4314
4768
5179
5557
5909
6240
6554
6853
7139
7413
7677
7932
8179
8418
8650
8876
9096
9311
9521
9726
9927
10124
10317
5158
6558
6856
7141
7415
7679
7934
8181
8420
8652
8878
9098
1400
2800
4200
5600
5950
6279
6591
6888
7172
7445
7708
7962
8208
8446
8678
8903
9123
9337
9546
9751
9952
10148
10341
10530
10716
10898
11077
11253
11427
11598
11766
11932
12096
12258
12417
12574
12729
12882
13034
13184
13332
13479
13624
13767
13909
14049
14188
14326
14462
14597
14731
14864
14995
15125
15254
15382
15509
15635
15760
15884
16007
16129
16250
16370
16489
16607
16725
16842
16958
17073
17187
17301
1400
1400
1400
1400
1400
2800
4200
4666
5086
5471
5829
1400
1400
1400
1400
1400
1400
1400
1400
1400
1400
1400
1400
1400
1400
1400
1400
1400
1400
1400
1400
2800
4200
4666
5086
5471
5829
6165
6482
6784
7072
7349
7615
7872
8120
8361
8595
8823
9045
9261
9472
9678
9880
10078
10272
10462
10649
10833
11013
11190
11365
11537
11706
11873
12038
12200
12360
12518
12674
12828
12980
13131
13280
13427
13572
13716
13858
13999
14139
14277
14414
14549
14683
14816
14948
15079
15208
15336
15463
15589
15714
15838
15961
1400
1400
1400
1400
2800
1400
1400
1400
1400
1400
1400
2800
4200
4666
5086
5471
5829
6165
6482
6784
7072
7349
7615
7872
8120
8361
1400
1400
1400
1400
1400
1400
1400
2800
4200
4666
5086
5471
5829
6165
6482
6784
7072
7349
7615
1400
2800
4200
4666
5086
5471
5829
6165
6482
6784
7072
7349
1400
1400
1400
2800
1400
1400
1400
1400
1400
1400
1400
2800
4200
4666
5086
5471
5829
6165
6482
6784
7072
7349
7615
7872
8120
8361
8595
8823
9045
9261
1400
1400
2800
4200
4666
5086
5471
1400
1400
1400
1400
1400
1400
1400
1400
1400
1400
1400
1400
1400
1400
1400
1400
1400
1400
1400
1400
2800
4200
1400
1400
1400
1400
1400
1400
1400
1400
1400
1400
2800
4200
1400
2800
4200
4666
5086
5471
5829
6165
6482
6784
7072
7349
7615
7872
8120
8361
8595
8823
9045
9261
1400
1400
1400
1400
1400
1400
2800
1400
1400
1400
1400
1400
1400
1400
1400
1400
1400
1400
1400
1400
1400
2800
4200
4666
5086
5471
5829
1400
1400
1400
1400
1400
1400
1400
1400
1400
1400
2800
4200
4666
5086
5471
5829
6165
6482
6784
7072
7349
7615
7872
8120
8361
8595
1400
1400
1400
1400
1400
1400
2800
1400
1400
1400
1400
1400
2800
4200
1400
1400
2800
1400
1400
1400
1400
1400
1400
1400
1400
1400
1400
2800
4200
4666
5086
5471
5829
6165
6482
6784
7072
7349
7615
7872
8120
8361
8595
8823
9045
1400
1400
2800
4200
4666
5086
5471
5829
6165
6482
6784
7072
7349
7615
1400
1400
2800
1400
1400
2800
1400
1400
1400
2800
4200
4666
5086
5471
5829
6165
6482
6784
7072
7349
7615
7872
8120
8361
8595
1400
1400
1400
2800
1400
1400
1400
1400
1400
1400
1400
1400
2800
4200
4666
5086
5471
5829
6165
6482
6784
7072
7349
7615
7872
1400
2800
4200
4666
5086
5471
5829
6165
6482
6784
7072
7349
7615
7872
8120
8361
8595
8823
9045
9261
9472
9678
9880
10078
10272
10462
10649
10833
11013
11190
11365
11537
11706
11873
12038
12200
12360
12518
1400
1400
1400
1400
1400
1400
2800
4200
1400
1400
1400
1400
1400
1400
1400
1400
2800
1400
2800
4200
4666
5086
5471
5829
6165
6482
6784
7072
7349
7615
7872
8120
8361
8595
8823
9045
9261
9472
9678
9880
10078
10272
10462
10649
10833
11013
11190
11365
11537
11706
11873
12038
12200
1400
2800
4200
5600
7000
7280
7549
7808
8059
8302
8538
8767
8990
9208
9420
9628
9831
10030
10225
10416
10604
10788
10969
11147
1400
2800
4200
1400
2800
4200
1400
1400
2800
1400
1400
1400
2800
1400
2800
4200
4666
5086
5471
5829
6165
6482
6784
7072
7349
7615
7872
8120
8361
8595
8823
9045
9261
9472
9678
9880
10078
10272
10462
1400
1400
1400
2800
4200
4666
5086
5471
5829
6165
6482
6784
7072
7349
7615
1400
1400
2800
4200
4666
5086
5471
5829
6165
6482
6784
7072
7349
7615
7872
8120
8361
1400
2800
1400
2800
1400
1400
1400
1400
1400
1400
1400
2800
4200
4666
5086
5471
5829
6165
1400
1400
1400
2800
4200
1400
1400
1400
1400
1400
1400
1400
1400
1400
1400
1400
1400
1400
1400
2800
4200
4666
5086
5471
5829
6165
6482
6784
7072
7349
7615
7872
8120
8361
8595
8823
9045
1400
2800
4200
5600
5950
6279
6591
6888
7172
7445
7708
7962
8208
8446
8678
8903
9123
9337
9546
9751
9952
10148
10341
10530
5265
6665
6959
7240
7510
7770
8022
8266
8503
8733
8957
9175
9388
9596
9800
10000
10196
10388
10576
10761
10943
11122
11298
1400
1400
2800
1400
1400
1400
1400
2800
4200
4666
1400
1400
1400
1400
1400
1400
2800
4200
1400
1400
1400
1400
1400
2800
1400
1400
1400
1400
2800
4200
4666
5086
5471
5829
6165
6482
6784
7072
7349
7615
7872
8120
8361
8595
8823
9045
9261
9472
9678
9880
10078
10272
10462
10649
10833
11013
11190
11365
11537
11706
11873
12038
12200
12360
1400
1400
1400
1400
1400
1400
1400
1400
1400
1400
1400
1400
1400
1400
1400
1400
1400
1400
1400
2800
1400
1400
1400
2800
4200
4666
5086
5471
5829
6165
6482
6784
1400
2800
1400
2800
4200
4666
5086
5471
5829
6165
6482
6784
7072
1400
1400
1400
1400
1400
1400
1400
1400
2800
4200
4666
5086
5471
5829
6165
6482
6784
7072
7349
7615
1400
1400
1400
1400
1400
2800
1400
1400
1400
1400
1400
1400
2800
1400
1400
1400
2800
4200
1400
1400
1400
1400
1400
2800
4200
4666
5086
5471
5829
6165
6482
6784
1400
1400
2800
4200
4666
5086
5471
5829
6165
6482
6784
7072
7349
7615
7872
8120
8361
8595
8823
9045
9261
9472
9678
9880
10078
10272
10462
10649
10833
11013
11190
11365
11537
11706
11873
12038
12200
12360
12518
12674
12828
12980
13131
13280
13427
13572
13716
13858
13999
14139
14277
14414
14549
14683
14816
14948
15079
15208
15336
15463
15589
15714
15838
15961
16083
16204
16324
16444
16563
16681
16798
16914
17029
17144
17258
17371
17483
17595
1400
1400
1400
1400
1400
1400
1400
1400
1400
1400
1400
2800
4200
4666
5086
5471
5829
6165
6482
6784
7072
7349
7615
7872
8120
8361
8595
8823
9045
9261
9472
9678
9880
10078
10272
10462
10649
10833
11013
1400
1400
2800
4200
4666
5086
5471
5829
6165
6482
6784
7072
7349
7615
7872
8120
1400
1400
1400
1400
2800
1400
1400
1400
2800
1400
1400
1400
1400
1400
1400
1400
1400
1400
1400
2800
4200
4666
5086
5471
5829
6165
6482
6784
7072
7349
7615
1400
1400
2800
4200
4666
5086
5471
5829
6165
6482
3241
4641
5063
5450
5809
6146
6464
1400
2800
4200
4666
5086
5471
5829
6165
6482
6784
7072
7349
7615
7872
8120
8361
8595
8823
9045
9261
1400
2800
2800
2800
4200
4666
5086
5471
5829
6165
6482
6784
1400
2800
4200
4666
1400
1400
1400
1400
2800
4200
4666
5086
5471
5829
6165
6482
6784
7072
7349
7615
7872
8120
8361
8595
8823
9045
9261
9472
9678
9880
10078
10272
10462
10649
10833
11013
11190
11365
11537
11706
11873
12038
12200
12360
12518
12674
12828
12980
13131
13280
13427
13572
13716
13858
13999
1400
2800
4200
5600
7000
7280
7549
7808
8059
8302
8538
8767
8990
9208
9420
9628
9831
10030
10225
1400
1400
1400
2800
4200
4666
5086
5471
5829
6165
6482
6784
7072
7349
7615
7872
8120
8361
8595
8823
9045
9261
9472
9678
9880
10078
1400
1400
2800
4200
4666
5086
5471
5829
6165
6482
6784
7072
7349
7615
7872
8120
8361
4180
5580
5931
6261
6574
6872
7157
7430
7693
7947
8193
8432
8664
8890
9110
9325
9535
9740
9941
1400
1400
1400
1400
1400
1400
1400
2800
4200
4666
5086
1400
1400
1400
1400
1400
1400
1400
1400
1400
2800
4200
4666
1400
1400
2800
1400
1400
1400
2800
1400
2800
4200
1400
1400
1400
1400
1400
1400
1400
1400
1400
1400
1400
1400
1400
1400
1400
1400
2800
1400
1400
2800
4200
4666
5086
5471
5829
6165
6482
6784
7072
7349
7615
7872
8120
8361
8595
8823
9045
9261
9472
9678
9880
10078
10272
10462
10649
10833
11013
11190
11365
11537
11706
11873
12038
12200
12360
12518
12674
12828
12980
13131
1400
1400
1400
2800
4200
4666
5086
5471
5829
6165
6482
6784
7072
7349
7615
7872
8120
8361
8595
8823
9045
9261
9472
9678
9880
10078
10272
10462
10649
10833
11013
11190
11365
11537
11706
11873
12038
12200
12360
12518
12674
12828
12980
13131
13280
13427
13572
13716
13858
13999
14139
14277
14414
14549
14683
14816
14948
15079
15208
15336
15463
15589
15714
15838
15961
16083
16204
16324
16444
16563
16681
16798
16914
17029
17144
17258
17371
17483
17595
17706
17816
17926
18035
18143
18251
18358
18464
18570
18675
18779
18883
18986
19089
19191
19293
1400
2800
1400
1400
1400
1400
1400
2800
4200
1400
1400
1400
1400
1400
1400
1400
1400
2800
4200
1400
1400
2800
1400
1400
1400
1400
1400
1400
1400
1400
1400
1400
1400
1400
1400
1400
1400
1400
1400
1400
2800
4200
4666
5086
5471
5829
6165
6482
6784
7072
7349
7615
7872
8120
8361
8595
8823
9045
9261
9472
9678
9880
10078
10272
10462
10649
10833
11013
11190
11365
11537
11706
11873
12038
12200
12360
12518
12674
12828
12980
13131
13280
13427
13572
13716
13858
13999
14139
14277
14414
14549
14683
1400
1400
1400
2800
4200
4666
5086
5471
5829
6165
6482
6784
7072
7349
7615
1400
1400
2800
4200
4666
5086
5471
5829
6165
6482
6784
7072
7349
7615
7872
8120
8361
8595
1400
1400
1400
2800
1400
1400
1400
1400
1400
2800
4200
4666
5086
5471
5829
6165
6482
1400
1400
1400
1400
1400
1400
1400
1400
1400
1400
2800
4200
4666
5086
5471
5829
6165
6482
6784
7072
7349
7615
7872
8120
8361
8595
8823
9045
9261
9472
9678
9880
10078
1400
2800
1400
1400
1400
2800
1400
2800
4200
4666
5086
5471
5829
6165
6482
6784
7072
7349
7615
7872
8120
8361
8595
8823
9045
9261
9472
9678
4839
2800
4200
1400
2800
4200
4666
5086
5471
5829
6165
6482
6784
7072
7349
7615
7872
8120
8361
8595
8823
9045
9261
9472
9678
9880
10078
10272
10462
10649
10833
11013
11190
11365
11537
11706
11873
12038
12200
12360
12518
12674
12828
12980
13131
13280
13427
13572
13716
13858
13999
14139
14277
14414
14549
14683
14816
14948
15079
15208
15336
15463
1400
1400
1400
1400
1400
2800
4200
4666
5086
5471
5829
6165
6482
6784
7072
7349
7615
7872
8120
8361
8595
