2800
4200
5600
7000
8400
9800
11200
12600
14000
15400
16800
18200
19600
21000
22400
23800
1400
1400
1400
1400
1400
1400
1400
2800
1400
1400
1400
1400
1400
1400
1400
1400
1400
1400
1400
1400
1400
1400
1400
1400
2800
4200
4666
5086
5471
5829
1400
1400
2800
1400
1400
1400
2800
1400
1400
1400
2800
4200
4666
5086
5471
5829
6165
6482
6784
7072
7349
7615
7872
8120
8361
8595
8823
9045
9261
9472
9678
9880
10078
10272
10462
10649
10833
11013
11190
11365
11537
11706
11873
1400
1400
2800
4200
4666
5086
5471
5829
6165
6482
6784
7072
7349
7615
7872
8120
8361
8595
8823
9045
9261
9472
9678
9880
10078
10272
10462
10649
10833
11013
11190
11365
11537
11706
11873
12038
12200
12360
12518
12674
12828
12980
13131
13280
13427
13572
13716
13858
13999
14139
14277
14414
14549
14683
1400
1400
1400
1400
1400
2800
4200
1400
1400
1400
1400
1400
1400
1400
1400
1400
1400
1400
1400
2800
4200
1400
1400
1400
1400
1400
2800
4200
4666
5086
5471
5829
6165
6482
6784
1400
1400
1400
1400
2800
1400
1400
1400
2800
4200
1400
1400
1400
1400
1400
1400
1400
1400
2800
1400
2800
1400
1400
1400
1400
1400
1400
1400
1400
1400
1400
1400
2800
4200
4666
5086
5471
5829
6165
6482
6784
7072
7349
7615
7872
8120
8361
8595
8823
9045
9261
9472
9678
9880
10078
5039
2800
4200
4666
5086
5471
1400
1400
1400
2800
1400
1400
1400
2800
1400
1400
1400
1400
2800
1400
1400
1400
2800
4200
4666
5086
5471
5829
6165
6482
6784
7072
7349
7615
7872
8120
1400
2800
4200
4666
5086
5471
5829
6165
6482
6784
7072
7349
7615
7872
8120
8361
8595
8823
9045
9261
9472
9678
9880
10078
10272
10462
10649
10833
11013
11190
11365
11537
11706
11873
12038
12200
12360
12518
12674
12828
12980
13131
13280
13427
13572
13716
13858
13999
14139
14277
14414
14549
14683
14816
14948
15079
15208
15336
15463
15589
15714
1400
1400
1400
1400
1400
1400
1400
2800
1400
1400
1400
1400
1400
1400
1400
1400
1400
1400
1400
1400
1400
1400
2800
4200
4666
5086
5471
5829
6165
3082
4482
4919
5317
5685
6029
6354
6662
6956
7237
7507
7768
8020
8264
8501
8731
8955
9173
9386
9594
9798
9998
10194
10386
10574
10759
10941
11120
1400
1400
1400
2800
1400
1400
2800
1400
2800
4200
4666
5086
5471
5829
6165
6482
6784
7072
7349
7615
7872
8120
8361
8595
8823
9045
9261
9472
9678
9880
10078
10272
10462
10649
10833
11013
11190
11365
11537
11706
11873
12038
12200
12360
12518
12674
12828
12980
13131
13280
13427
13572
13716
13858
13999
14139
14277
14414
14549
14683
14816
14948
15079
15208
15336
15463
15589
15714
15838
15961
16083
16204
16324
16444
16563
16681
16798
16914
17029
17144
17258
17371
17483
17595
17706
17816
17926
18035
18143
18251
18358
18464
18570
18675
18779
18883
18986
19089
19191
19293
19394
19495
19595
19695
19794
19893
19991
20089
20186
20283
20379
20475
20570
20665
20759
20853
20946
21039
21132
21224
21316
21407
1400
1400
2800
4200
4666
5086
5471
5829
6165
6482
1400
1400
1400
1400
1400
1400
1400
1400
1400
1400
1400
1400
1400
2800
4200
1400
1400
1400
1400
1400
1400
2800
4200
4666
5086
5471
5829
6165
6482
6784
7072
7349
7615
7872
8120
8361
8595
8823
9045
9261
9472
9678
1400
1400
1400
1400
1400
1400
1400
1400
1400
1400
2800
4200
4666
5086
5471
5829
6165
6482
6784
7072
7349
7615
7872
8120
8361
8595
8823
9045
9261
9472
9678
9880
10078
10272
10462
10649
10833
11013
11190
1400
1400
1400
1400
1400
1400
1400
1400
1400
2800
1400
1400
1400
2800
4200
4666
5086
5471
5829
6165
6482
6784
7072
7349
7615
7872
8120
8361
8595
8823
1400
2800
1400
1400
1400
1400
1400
1400
1400
1400
1400
1400
1400
1400
2800
4200
4666
5086
5471
1400
2800
1400
1400
1400
1400
2800
4200
4666
1400
1400
1400
1400
1400
1400
1400
1400
1400
2800
1400
1400
1400
1400
1400
1400
1400
1400
1400
1400
1400
1400
1400
1400
1400
1400
2800
4200
4666
5086
5471
5829
6165
6482
6784
7072
1400
1400
1400
1400
1400
1400
1400
1400
1400
1400
2800
1400
1400
1400
1400
1400
2800
4200
4666
5086
5471
5829
6165
6482
6784
7072
7349
7615
7872
8120
8361
8595
8823
9045
9261
9472
1400
2800
1400
1400
2800
4200
4666
5086
5471
5829
6165
6482
6784
1400
1400
1400
1400
2800
4200
4666
5086
5471
5829
6165
6482
6784
7072
7349
7615
7872
8120
8361
8595
8823
9045
9261
9472
9678
9880
10078
10272
10462
10649
10833
11013
11190
11365
11537
11706
11873
12038
12200
12360
12518
12674
12828
12980
13131
13280
13427
13572
13716
13858
13999
14139
14277
14414
14549
14683
1400
2800
4200
5600
7000
8400
8633
8860
9081
9296
9506
9712
9913
10110
10303
10493
10679
10862
11042
11219
11393
11565
11734
11901
12065
12227
12387
12545
12701
12855
13007
13157
13305
13452
13597
13741
13883
14024
14163
14301
14438
1400
1400
1400
1400
1400
1400
2800
4200
4666
5086
5471
5829
6165
6482
6784
7072
7349
1400
1400
1400
1400
1400
1400
1400
1400
1400
1400
2800
4200
4666
5086
5471
5829
6165
6482
6784
7072
7349
7615
7872
8120
8361
8595
8823
9045
9261
9472
9678
9880
10078
10272
1400
1400
1400
1400
1400
1400
1400
1400
1400
1400
1400
1400
2800
1400
2800
1400
1400
1400
1400
1400
1400
1400
2800
4200
4666
5086
5471
5829
6165
6482
6784
7072
7349
7615
7872
8120
8361
8595
8823
9045
9261
9472
9678
9880
10078
10272
10462
10649
10833
11013
11190
11365
11537
11706
11873
12038
12200
1400
1400
1400
1400
1400
1400
1400
1400
1400
1400
1400
1400
1400
1400
1400
2800
1400
1400
1400
1400
1400
2800
4200
4666
5086
5471
5829
6165
6482
6784
1400
1400
1400
1400
1400
1400
1400
1400
1400
2800
4200
4666
5086
5471
5829
6165
6482
6784
7072
7349
7615
7872
8120
8361
8595
8823
9045
9261
9472
9678
9880
10078
10272
10462
10649
10833
11013
11190
11365
11537
11706
11873
12038
12200
12360
12518
12674
12828
12980
13131
13280
13427
13572
13716
13858
13999
14139
14277
14414
14549
14683
14816
14948
15079
15208
15336
15463
15589
15714
15838
15961
16083
16204
16324
16444
16563
16681
16798
16914
17029
1400
1400
2800
1400
1400
1400
2800
1400
1400
1400
1400
1400
1400
2800
1400
1400
1400
1400
1400
1400
1400
1400
1400
2800
4200
4666
5086
5471
5829
6165
6482
6784
7072
7349
7615
7872
8120
8361
8595
8823
9045
9261
9472
9678
9880
10078
10272
10462
10649
10833
11013
11190
11365
11537
11706
11873
1400
1400
1400
2800
1400
1400
1400
2800
1400
1400
1400
1400
1400
1400
1400
1400
1400
1400
1400
1400
1400
1400
1400
1400
1400
2800
4200
4666
5086
5471
5829
6165
6482
6784
7072
7349
7615
7872
8120
8361
8595
8823
9045
9261
9472
9678
1400
1400
2800
4200
4666
5086
5471
5829
6165
6482
6784
7072
7349
7615
7872
8120
8361
8595
8823
9045
9261
9472
9678
9880
1400
1400
1400
1400
1400
1400
1400
1400
1400
1400
2800
4200
4666
5086
5471
5829
6165
6482
6784
7072
7349
7615
7872
8120
8361
8595
8823
9045
9261
9472
9678
9880
10078
10272
10462
10649
1400
1400
1400
1400
1400
2800
4200
4666
5086
5471
5829
6165
6482
6784
7072
7349
7615
7872
8120
8361
8595
8823
9045
9261
1400
1400
1400
1400
1400
1400
1400
1400
1400
1400
1400
1400
2800
1400
2800
4200
4666
1400
1400
2800
1400
1400
1400
1400
1400
1400
1400
2800
4200
1400
1400
1400
1400
1400
1400
1400
1400
1400
1400
1400
1400
1400
1400
1400
1400
1400
1400
1400
1400
1400
2800
4200
1400
1400
1400
2800
2800
4200
1400
1400
2800
4200
4666
5086
5471
5829
6165
6482
6784
7072
7349
7615
7872
8120
8361
8595
8823
1400
2800
1400
2800
4200
4666
5086
5471
5829
6165
6482
6784
7072
7349
7615
7872
8120
8361
8595
8823
9045
9261
9472
9678
9880
10078
10272
10462
10649
10833
1400
1400
1400
1400
1400
1400
1400
1400
2800
4200
4666
5086
5471
5829
6165
6482
6784
7072
7349
7615
7872
8120
8361
8595
8823
9045
9261
9472
9678
9880
10078
10272
10462
10649
10833
1400
1400
2800
1400
1400
2800
4200
4666
5086
5471
5829
6165
6482
6784
7072
7349
7615
7872
8120
8361
8595
8823
9045
9261
9472
9678
9880
10078
10272
10462
10649
10833
11013
11190
11365
11537
11706
11873
12038
12200
12360
12518
12674
12828
12980
13131
13280
13427
13572
13716
13858
13999
1400
1400
2800
4200
1400
1400
1400
1400
1400
1400
1400
1400
1400
1400
1400
1400
1400
2800
4200
4666
5086
1400
1400
1400
2800
4200
4666
1400
1400
1400
1400
1400
1400
1400
1400
1400
1400
2800
4200
4666
1400
1400
1400
1400
1400
1400
1400
1400
1400
1400
1400
1400
1400
1400
2800
1400
1400
1400
1400
2800
1400
1400
1400
1400
1400
1400
2800
1400
1400
1400
1400
1400
1400
1400
1400
1400
1400
1400
1400
2800
4200
4666
5086
5471
5829
6165
6482
6784
7072
7349
7615
7872
8120
8361
8595
8823
9045
9261
9472
9678
9880
10078
10272
10462
10649
10833
11013
11190
11365
11537
11706
11873
12038
12200
12360
12518
12674
12828
12980
13131
13280
13427
13572
13716
13858
13999
14139
14277
14414
14549
14683
14816
14948
15079
15208
15336
1400
1400
2800
4200
4666
5086
5471
5829
6165
6482
6784
7072
7349
7615
7872
8120
8361
8595
8823
9045
1400
1400
2800
4200
4666
5086
5471
5829
6165
6482
6784
7072
7349
7615
7872
8120
8361
8595
8823
9045
9261
9472
9678
9880
10078
10272
10462
10649
10833
1400
2800
1400
1400
1400
1400
1400
1400
1400
2800
4200
4666
5086
1400
2800
4200
4666
5086
5471
5829
6165
6482
6784
7072
7349
7615
7872
8120
8361
8595
8823
9045
9261
9472
9678
9880
10078
10272
10462
10649
10833
11013
11190
11365
11537
11706
11873
12038
12200
12360
12518
12674
12828
12980
13131
13280
13427
13572
13716
13858
13999
14139
14277
14414
14549
14683
14816
14948
15079
15208
15336
15463
15589
15714
1400
2800
4200
1400
1400
1400
1400
1400
1400
1400
1400
1400
1400
1400
1400
1400
1400
2800
4200
4666
5086
5471
5829
6165
6482
6784
7072
7349
7615
7872
8120
8361
8595
8823
9045
9261
9472
9678
9880
10078
10272
10462
10649
10833
11013
11190
11365
11537
11706
11873
12038
12200
12360
6180
7580
7838
8088
8330
8565
8793
9015
9232
9444
9651
9854
10052
10246
10437
10624
10808
10989
11167
11342
11514
11684
11851
12016
12179
12339
12497
12653
12807
12960
13111
13260
13407
13553
13697
13840
13981
14121
14259
14396
14532
14666
7333
8733
8957
9175
9388
9596
9800
10000
10196
1400
1400
1400
2800
4200
4666
5086
5471
5829
6165
6482
6784
7072
7349
7615
7872
8120
8361
8595
8823
9045
9261
9472
9678
9880
10078
10272
10462
10649
10833
11013
11190
11365
11537
11706
11873
12038
12200
12360
12518
12674
12828
12980
13131
13280
13427
13572
13716
13858
13999
14139
14277
14414
14549
14683
14816
14948
15079
15208
15336
15463
15589
15714
15838
15961
16083
16204
16324
16444
16563
16681
16798
16914
17029
17144
17258
17371
17483
17595
17706
17816
17926
18035
18143
18251
18358
18464
18570
18675
18779
18883
18986
19089
19191
19293
19394
19495
19595
19695
19794
19893
19991
20089
20186
20283
20379
20475
20570
20665
20759
20853
20946
21039
21132
21224
21316
21407
21498
21589
21679
21769
21859
21948
22037
22125
22213
22301
22388
22475
22562
22648
22734
22820
22905
22990
23075
23159
23243
23327
23411
23494
23577
23660
23742
23824
23906
23987
24068
24149
24230
24310
24390
24470
24550
24629
24708
24787
24866
24944
25022
25100
25178
25255
25332
25409
25486
25562
25638
25714
25790
25865
25940
26015
26090
26165
26239
26313
26387
26461
26535
26608
26681
26754
1400
1400
2800
4200
4666
5086
5471
5829
6165
6482
6784
7072
7349
7615
7872
8120
8361
8595
8823
9045
9261
9472
9678
9880
10078
10272
10462
10649
10833
11013
11190
11365
11537
11706
11873
12038
1400
2800
4200
5600
7000
7280
7549
7808
8059
8302
8538
8767
8990
9208
9420
9628
1400
1400
1400
1400
1400
1400
1400
1400
1400
2800
4200
4666
5086
5471
5829
1400
1400
2800
1400
1400
1400
1400
1400
1400
1400
2800
4200
4666
5086
5471
5829
6165
6482
6784
7072
7349
7615
7872
8120
8361
8595
8823
9045
9261
9472
9678
1400
1400
1400
1400
1400
1400
1400
1400
1400
2800
4200
4666
5086
5471
5829
6165
6482
6784
7072
7349
7615
7872
8120
8361
8595
8823
9045
9261
9472
9678
9880
10078
10272
10462
10649
10833
11013
11190
11365
11537
11706
11873
12038
12200
12360
12518
12674
12828
1400
1400
1400
1400
1400
1400
1400
1400
2800
4200
4666
5086
1400
2800
4200
4666
5086
5471
5829
6165
6482
6784
7072
7349
7615
7872
8120
8361
8595
8823
9045
9261
9472
9678
9880
10078
10272
10462
10649
10833
11013
11190
11365
11537
11706
11873
12038
12200
12360
12518
12674
12828
12980
13131
13280
13427
1400
1400
1400
2800
1400
1400
1400
1400
1400
1400
1400
2800
1400
1400
1400
1400
1400
1400
2800
1400
1400
1400
2800
1400
2800
1400
1400
1400
1400
1400
2800
4200
4666
5086
5471
5829
6165
6482
6784
7072
7349
7615
1400
1400
2800
4200
4666
5086
5471
5829
6165
1400
1400
1400
1400
1400
1400
1400
1400
1400
1400
1400
2800
1400
1400
1400
1400
1400
1400
1400
1400
2800
4200
4666
5086
5471
5829
1400
1400
1400
2800
4200
4666
5086
5471
5829
6165
6482
6784
7072
7349
7615
7872
8120
8361
8595
1400
2800
4200
5600
5950
6279
6591
6888
7172
7445
7708
7962
8208
8446
8678
8903
9123
9337
9546
9751
9952
10148
10341
10530
10716
10898
11077
11253
11427
11598
11766
11932
12096
12258
12417
12574
12729
12882
13034
13184
13332
13479
13624
13767
13909
14049
14188
14326
14462
14597
14731
14864
14995
15125
15254
15382
15509
15635
15760
7880
9280
1400
1400
2800
1400
1400
1400
1400
1400
1400
1400
2800
4200
4666
5086
5471
5829
6165
6482
6784
7072
7349
7615
7872
8120
8361
8595
1400
2800
4200
5600
5950
6279
6591
6888
7172
7445
7708
7962
8208
8446
1400
1400
1400
1400
1400
1400
1400
1400
1400
2800
4200
1400
2800
4200
4666
5086
5471
5829
6165
6482
6784
7072
7349
7615
7872
8120
8361
8595
8823
9045
9261
9472
9678
9880
10078
10272
10462
10649
10833
11013
11190
11365
11537
11706
11873
12038
12200
12360
12518
12674
12828
12980
13131
13280
13427
13572
13716
13858
13999
14139
14277
14414
14549
14683
14816
1400
1400
1400
1400
1400
1400
1400
1400
2800
1400
1400
1400
1400
1400
1400
1400
1400
2800
1400
1400
1400
1400
1400
1400
1400
1400
2800
4200
4666
5086
5471
5829
6165
6482
6784
7072
7349
7615
7872
8120
8361
8595
8823
9045
9261
9472
9678
9880
10078
10272
10462
10649
10833
1400
1400
1400
2800
4200
4666
5086
5471
5829
6165
6482
6784
7072
7349
7615
7872
8120
8361
8595
8823
9045
9261
9472
9678
9880
10078
10272
10462
1400
1400
1400
1400
1400
1400
1400
2800
1400
2800
4200
4666
5086
5471
5829
6165
6482
6784
7072
7349
7615
7872
8120
4060
5460
5818
6154
6472
6774
7063
7340
7607
7864
8113
8354
8588
8816
9038
9254
9465
9672
9874
10072
10266
10456
10643
10827
11008
11186
11361
11533
11702
11869
12034
12196
1400
1400
1400
1400
1400
1400
1400
2800
1400
1400
2800
4200
4666
5086
5471
1400
2800
1400
1400
1400
1400
1400
2800
4200
1400
2800
4200
1400
1400
1400
2800
1400
2800
1400
1400
1400
1400
1400
1400
1400
2800
4200
4666
5086
5471
5829
6165
6482
6784
7072
7349
7615
7872
8120
8361
8595
8823
1400
1400
1400
2800
1400
1400
1400
1400
1400
1400
1400
1400
1400
1400
1400
1400
1400
1400
1400
2800
4200
4666
5086
5471
5829
6165
6482
6784
7072
7349
7615
7872
8120
8361
8595
8823
9045
9261
9472
9678
9880
10078
1400
2800
1400
1400
1400
1400
2800
4200
4666
5086
5471
5829
6165
6482
6784
1400
1400
1400
1400
2800
4200
4666
5086
5471
5829
6165
6482
6784
7072
7349
7615
7872
8120
8361
8595
8823
9045
9261
9472
9678
9880
10078
10272
10462
1400
2800
4200
5600
5950
6279
1400
2800
1400
1400
1400
1400
1400
1400
1400
1400
1400
1400
1400
1400
1400
1400
1400
1400
1400
2800
4200
1400
1400
1400
1400
1400
2800
4200
4666
5086
5471
5829
6165
6482
6784
7072
7349
7615
1400
2800
4200
4666
1400
2800
4200
4666
5086
5471
5829
6165
6482
6784
7072
7349
7615
7872
8120
8361
8595
